001000000000000000000000000000000000001
001000100000000000000000000000000000010
001001000000000000000000000000000000011
001001100000000000000000000000000000100
001010000000000000000000000000000000101
001010100000000000000000000000000000110
001011000000000000000000000000000000111
001011100000000000000000000000000001000
001100000000000000000000000000000001001
001100100000000000000000000000000001010
001101000000000000000000000000000000000
001101100000000000000000000000000000000
010000000000000000000000000000000001010
010000100000000000000000000000000001001
010001000000000000000000000000000001000
010001100000000000000000000000000000111
010010000000000000000000000000000000110
010010100000000000000000000000000000101
010011000000000000000000000000000000100
010011100000000000000000000000000000011
010100000000000000000000000000000000010
010100100000000000000000000000000000001
010101000000000000000000000000000000000
010101100000000000000000000000000000000
011000000000000000000000000000000000000
011000100010000000000000000000000000000
011001000100000000000000000000000000000
011001100110000000000000000000000000000
011010001000000000000000000000000000000
011010101010000000000000000000000000000
011011001100000000000000000000000000000
011011101110000000000000000000000000000
011100010000000000000000000000000000000
011100110010000000000000000000000000000
011101010100000000000000000000000000000
011101110110000000000000000000000000000
110000000000000000000000000000000000000
110000100010000000000000000000000000000
110001000100000000000000000000000000000
110001100110000000000000000000000000000
110010001000000000000000000000000000000
110010101010000000000000000000000000000
110011001100000000000000000000000000000
110011101110000000000000000000000000000
110100010000000000000000000000000000000
110100110010000000000000000000000000000
110101010100000000000000000000000000000
110101110110000000000000000000000000000
000000000000000000000000000000000000000